395
80
8
3
14
17
17
6
16
14
2
43
37
8
20
5
12
35
20
11
38
2
5
30
38
7
33
3
8
15
17
16
9
12
11
10
13
39
16
30
8
18
26
40
37
12
38
36
28
12
22
6
13
33
5
23
18
43
11
19
10
12
10
5
25
20
14
7
14
45
5
5
33
15
18
5
17
13
8
25
1
24
43
41
30
42
21
45
14
17
16
44
3
28
31
19
6
15
18
31
15
13
18
20
14
12
32
9
24
20
9
5
15
27
17
11
15
12
8
28
9
12
16
7
15
44
15
15
20
15
16
18
8
17
15
18
17
20
36
17
16
17
9
14
9
17
7
9
40
20
19
17
13
13
11
15
18
38
15
7
19
43
5
3
7
9
5
14
13
45
15
14
8
23
39
18
14
13
10
34
16
13
16
10
45
7
19
43
18
6
12
32
11
16
14
10
16
40
25
16
14
15
2
13
9
22
19
9
16
5
6
20
7
10
20
15
12
19
5
15
45
11
11
5
13
5
14
15
5
13
15
12
7
6
19
20
34
9
3
8
21
29
40
10
1
10
3
19
28
18
6
17
5
8
7
14
7
7
8
3
17
3
6
31
6
6
24
18
20
16
43
20
44
17
19
8
28
22
19
13
6
7
15
5
19
12
17
20
26
11
29
26
11
17
16
35
16
13
8
18
32
38
11
36
32
16
15
16
26
45
9
14
4
28
7
10
10
19
9
22
8
9
18
6
20
12
27
38
18
20
20
20
20
14
16
5
9
29
41
14
5
15
15
13
13
11
6
18
19
5
6
5
17
33
37
10
10
5
11
11
44
25
16
8
40
15
7
20
31
14
13
15
13
31
20
7
12
7
17
6
20
30
15
10
7
21
15
34
22
18
12
6
6
18
45
20
19
